45.65192653545024 7.538379782111859
21.574436412232167 30.84500789054221
54.34283504065357 22.248189117126593
29.201339552591797 33.447463981099105
54.697631321029995 15.922083705668067
3.9028143321366837 14.935936360892466
23.814552535617718 42.89158265658926
99.59782728820394 47.63670108616499
97.42371561614233 99.41500143617208
86.26934104853746 55.919863527888715
50.145641962317576 72.28672458356218
70.49021677058839 92.53718198257633
63.533374408780915 16.714086431964127
42.16280593746532 16.556641295781326
4.479598490501846 95.39622735095621
62.122758367432375 46.116958475971636
26.50982571026782 46.553412681771874
0.47789178060752 53.657806666368245
5.015601771652833 86.47579867621998
9.799544047957909 18.34312035397496
58.74644246589607 63.46740948477818
18.713393205426677 12.246382052130045
39.93171490569514 89.05988818550719
71.35207420479766 59.212883287682295
37.1431893137077 68.53657216063192
94.58658844296475 61.35674930347819
39.693188579912864 0.6862038115129421
57.39777366588466 90.10859660371274
69.46208187138554 88.12383181775736
37.86497563585161 65.46753490241034
49.49869438494724 24.55419156665887
55.76579700332539 58.350724433257795
64.74383304424762 66.90488593660899
87.64201403880686 50.001487942339985
88.50557929309689 39.36308454452488
26.874600203463906 56.66778801271194
70.90760658882014 19.76213538444994
26.55503853646344 14.190503419967303
80.4601555953474 3.7091387684398236
44.422985245224666 65.96536158820156
37.02917763907262 39.53716128584542
61.274068781214886 27.544109817574515
5.309073933465324 77.67095575244076
39.3806242713029 99.78958106998329
13.45655317763419 98.30336081121166
3.5032749907143224 28.001605734151557
34.27484376845169 63.89233438166807
35.103754915607674 5.190754961600175
57.75814465970587 35.35190493473029
5.866071485438873 38.179180147518544
68.38555576217965 19.955439077512306
13.358721467743484 75.87411500037142
46.23643362022427 10.282419459957183
13.182156089991837 48.304615970637485
69.71638091385157 93.651269865566
95.42135285693935 0.40238950687706554
43.623734106240555 58.29021609340978
67.2810704064632 24.711621264023265
7.278979766217608 85.07665057004243
0.2490769833178863 76.44759180688713
40.9784482371825 21.732732368605912
98.82747774440332 59.84161239078304
6.669784116369881 67.09332509512562
76.39626976025338 47.74549163711516
6.982473606620787 25.268068209389817
84.67972798276648 98.10418789830707
17.102248262151377 65.22262212967675
3.008193465593134 25.077426656295465
73.34387715470532 12.258326212007765
93.24347660530987 8.9409863352384
46.84483603928421 82.2229544924167
50.09814502772378 29.084960151925053
2.997529098049123 83.25985618752956
11.263952274507139 51.62522133593512
80.04159464135174 53.81261185253533
99.77721826116878 95.06302141764688
8.877410350892722 25.251653742340007
77.53143773057212 84.69566448458885
50.74262215059511 78.30548959733994
96.6513947797614 36.83983168353265
93.2458654457828 36.78970786155967
32.52845853638898 79.03706310028632
92.7888220477166 7.378661653459462
74.67867395936867 25.967011365508018
97.21123336246168 93.50144764940119
4.602948360265591 84.89667581395858
13.86422431188219 45.87118040217205
9.666808740554156 53.34125081340989
22.341395664208875 62.29127394940592
11.963185262042197 92.68859750247546
92.3556402337783 37.0595218896241
92.46365682179984 75.5504341623672
40.13044294321419 9.024108914745522
99.7737700947342 67.97357170878873
81.45342121406068 67.12006607690556
84.73225681514019 84.19888453880077
7.061372892305718 4.443892038530883
77.71643705326673 54.743085876888344
16.918771813636113 21.87789427606104
14.193473759716602 54.50362365859491
