40.9784482371825 21.732732368605912
26.50982571026782 46.553412681771874
23.814552535617718 42.89158265658926
21.574436412232167 30.84500789054221
37.02917763907262 39.53716128584542
29.201339552591797 33.447463981099105
37.86497563585161 65.46753490241034
26.874600203463906 56.66778801271194
22.341395664208875 62.29127394940592
34.27484376845169 63.89233438166807
43.623734106240555 58.29021609340978
32.52845853638898 79.03706310028632
37.1431893137077 68.53657216063192
44.422985245224666 65.96536158820156
74.67867395936867 25.967011365508018
49.49869438494724 24.55419156665887
54.34283504065357 22.248189117126593
61.274068781214886 27.544109817574515
57.75814465970587 35.35190493473029
50.09814502772378 29.084960151925053
62.122758367432375 46.116958475971636
67.2810704064632 24.711621264023265
76.39626976025338 47.74549163711516
77.71643705326673 54.743085876888344
58.74644246589607 63.46740948477818
50.145641962317576 72.28672458356218
55.76579700332539 58.350724433257795
50.74262215059511 78.30548959733994
64.74383304424762 66.90488593660899
71.35207420479766 59.212883287682295
