71.4628663040143 22.751193626720088
39.32485505231771 98.3734108913197
45.72862125669823 37.41755263684517
41.8060825381681 91.1632942752081
94.90262381510462 20.47959599062108
8.378715666756499 24.251514216212634
9.592241112469214 60.13426230150284
90.43286449119945 18.72990608277062
56.97312950217993 4.562373060208424
32.821355435634715 3.0519110823349793
26.573357461811863 75.9618791660424
88.82239909638876 80.81753431692029
27.173450643930785 53.296277509543586
47.47669423000457 67.5078308340355
92.55812879073353 2.3184252390175963
80.44856899927252 83.27600185749615
81.71677792950507 83.27600185749615
81.62568826954316 83.27600185749615
71.11185807125257 83.27600185749615
75.48560004683029 83.27600185749615
