75.81897965998928 54.2204220578001 94.46926023921534
53.12833843239913 39.5066229622939 27.65494786782319
50.42805268165117 3.9447156332932276 7.496639438576114
48.69424881895581 24.032762638383687 50.72476727492198
3.3185376502624653 58.812555403678715 73.23559574168173
41.51989437182484 51.64497602405716 3.095184615229696
68.21213555201092 92.03542738785502 7.589121907186625
51.27159940601687 76.73166366426184 35.33503408596362
44.26865369078994 35.416347307711824 48.42473118265818
45.26921521078594 0.7619964769667642 75.63759740178828
37.0881155438488 64.02896851194042 23.828413008634186
16.459117850970006 29.88722843546259 19.004669422102317
62.08702326897916 45.36150064583001 65.22242553694907
57.564026597463794 50.5464870439576 11.478302557162001
63.55930016326866 77.19956055887394 95.0804950340975
45.614489666815594 1.3122589948531993 34.433499144885694
31.270638897921643 11.486645982742537 25.338213507978445
46.966138961384594 47.069318973946125 96.8615892779355
21.73540351252089 13.303734445458105 48.18546349510575
2.0226433640166075 80.29298271793307 37.55029202598325
50.012877493115305 83.44795948162897 85.9859839953421
3.670195120132591 77.35584564436748 85.63682362257038
37.058272778102776 44.613522850354414 47.09581207693122
4.025043892658065 2.532586611930665 44.86624088807646
49.95924130813639 97.52377929289169 42.96690645877768
9.226797244322427 13.715290320151375 92.00267487417652
28.817594656379807 34.99530864097251 80.26090908439281
90.77801228497484 54.40788234249001 28.925151645797563
80.32881583776539 1.4890436976305654 21.267427456813902
34.17851909932844 71.41280166120976 47.37818338808197
93.05626520707536 6.389775397532061 67.83475816200296
59.69529922243374 32.28282256504518 7.875195824688053
9.53343228447785 3.6354215110464105 91.36154091664977
11.62452125343767 55.30012567345427 14.853888386071345
60.38827610185594 29.684063197831644 71.5465171294453
75.99875610341869 76.08297531053566 89.01684009038746
88.28381747041064 88.54806725515442 90.6965033565545
75.95419619086404 97.94985094102333 71.06956357061975
67.0845791946094 5.121666698385219 19.44921674943941
66.6856001640045 90.82746167405553 10.824223936160248
28.334028192204553 42.3555899229914 1.4400327895681464
33.15387516382502 94.43743132978994 13.624163807210854
13.08906347117782 53.678301563608024 18.44272844871917
93.57413700223564 83.71008989930745 85.61293333286912
47.1178297529181 30.177858284229753 80.93025391224045
46.50027838556097 57.28009677820081 32.606356610929375
61.20827528004723 9.366047302065716 85.12928475780684
23.073487876671006 84.30440210809144 50.83173127187597
96.87002411631491 95.49448412249801 31.74517176494982
50.86818069316125 80.78063142763772 13.78403849969252
75.53421213849681 53.54426597006393 93.76716457164619
63.71473521969316 43.44127884711103 75.59629084106209
22.079761107768427 21.46965197160109 8.375963678465915
22.968369069078264 93.35677401633907 71.33384559447423
39.82853778402205 84.70994069456717 42.758567985677686
36.39135989378887 61.808038843257016 3.1011945325686296
79.99686003887734 3.90114674595321 2.161821473813086
8.246127363512134 91.83421376417186 42.60815571710697
21.452150318312757 6.364773931845235 85.7559568218498
61.3858976675963 20.619960219991096 9.764730257020426
96.49995731254143 1.1725389232704941 1.9527639743550762
70.70782546191184 92.7359094791482 3.111336251531227
38.03302712435015 80.73108033428558 0.08429499151519915
91.31215027512806 85.14243972984416 33.287947875970595
46.909594026033176 53.38221105251619 77.08845384163196
68.12434677087366 87.62774384677505 27.794197802121523
58.8626715726616 28.440887891353363 24.490976420591704
26.176665492203643 62.39289203531931 91.1672996513981
32.342526279883735 37.434140778033 60.584806708867724
19.65997505669713 23.63568541746369 22.34746752287552
44.551038247937704 4.404007670752863 37.66226971929997
16.421669351198943 56.18828152601538 18.027755744105466
73.75875177162018 61.658652922336366 99.8682631513447
70.52137613124407 11.679778707126399 5.824959537447471
97.81385235695434 81.71962171579985 8.940514754462036
64.7641515754031 92.32296829635614 7.468602802671498
32.95072696757199 40.03461743888417 63.98058724404403
30.321884056648372 89.40571198104729 50.55776801976464
77.69055101078726 76.18845582187443 53.51642524382202
62.181686263363844 19.158542665612398 84.4850714918722
22.62050302722216 16.205691660361012 6.915741420114241
62.25910738708349 63.66036832638354 13.52398090130188
67.28385355476019 99.80897640071835 7.7978305410384525
4.770351121071437 70.08896034045848 73.79883265212592
3.048324713589856 96.48638838806596 32.19456015151435
