16.438069789540943 32.12263791584431
85.92069896048676 75.38373826059495
63.98600617452901 23.956462466975648
74.72042328233042 83.7428243694235
53.65917048884435 14.808215341735686
13.046811169988338 11.569784051505906
1.7368403409274036 59.915780227995164
51.18718329071519 55.544603673562506
25.789621147521125 1.208967668530636
74.3670230028052 97.73107015318895
88.8842394798699 1.5248305715480859
37.19463953198024 98.39071614720125
26.598499305598068 2.796012739019038
86.2917806933506 44.90855509499446
96.30972548428896 7.778030620005316
36.1580559685122 10.412319075072741
43.9262036495569 8.61580394420497
41.75585090786398 33.64150734471352
38.135365458796365 53.50402692747503
62.807340116573464 75.18253945158374
8.30059657821126 93.18695738024765
32.688013845212396 80.70130053106276
42.723437607783325 24.735094809826396
85.20675225539243 78.76788037479726
72.03778755759677 56.402899553698894
22.64640130449508 84.26790248157066
9.151694437962032 57.954944315514844
31.977922187277542 32.13779796313554
45.01013924911166 28.844133599129517
72.60066340515094 23.870455907396572
43.080940520625475 84.9138074642052
51.45874186424591 68.34190813659772
30.022568104182458 34.999815193154134
98.97728779913372 81.14337768992294
63.21336234605366 42.964887550775956
87.28104765021506 18.405104532447837
25.284457357820823 3.181322862495628
68.372442334232 85.0964809189542
22.985871715366045 85.66400875446898
56.70931172960197 54.322655301890045
27.50467979196294 69.20092644077928
33.25313018261191 41.11582685563482
1.037625687080923 84.38490126959238
22.298535921044206 4.025572840330371
49.37687345965347 4.41371743146326
90.82542153271623 79.72905212972661
56.19233496214321 75.51781787075608
90.10078005515287 18.871307444149487
64.96150825011567 87.14025869524738
86.55450925157182 13.483633715833887
79.96879783752044 95.97955391942727
2.778158762037042 37.26752029290342
7.8782456474720375 8.523770149145804
34.30739663882074 25.752282407690743
21.066790999571307 45.401965945948405
79.61856759137672 32.55179119376126
50.483732114023894 98.67625576999424
24.688760535174858 85.34792843599193
99.92586178191897 3.427499119186228
67.79650691475555 13.022388526109463
96.96979681465375 2.0531527009919226
46.266073780012974 28.68528678784077
36.711815509510124 16.772069287445525
24.976618994082767 88.98935178214685
50.915852918546875 42.167789084617326
86.2080171019165 24.44358740752113
36.26278989594943 24.684964366792272
84.86428257341528 85.6340800911558
74.81704303979703 73.0112994249681
75.69826542640986 64.37607987015326
13.546846088309916 73.03325628842079
38.6583728249086 3.68341899105441
88.72993762997928 97.56273903608465
34.37454994878046 75.66627402424663
0.27474532930404916 39.76563280568095
72.58156352643053 71.95643461839802
16.25054814791278 26.94162514878754
7.142849955451281 32.97591553479856
83.43380063146076 45.34056091116461
66.93108791667187 76.78276276364734
36.66733955602246 25.79331505183654
33.758595158345486 14.07768280901951
1.5814045169969315 35.644420919752726
67.42157852772878 21.749098698056724
17.825880918505256 49.77661098189946
85.98563815857725 76.61677229148258
39.089403051099595 35.79960196199665
27.327122490655363 74.41490465230103
32.59417681719263 41.27559244142316
49.328400343116584 86.94428892829103
99.30571021502105 77.9424457582658
14.990790148178101 30.286383390014983
28.15602870923126 72.55857519616478
32.69388415780815 64.27102290056409
52.014723972355725 86.85163980624117
39.26725939671969 26.821616205839383
40.40447647547507 22.944364920672776
88.34803110186093 87.68879665602813
34.43214422401246 56.784365610599785
34.467814563936415 60.24003032861284
