50.42805268165117 3.9447156332932276 7.496639438576114 
3.3185376502624653 58.812555403678715 73.23559574168173 
45.26921521078594 0.7619964769667642 75.63759740178828 
63.55930016326866 77.19956055887394 95.0804950340975 
45.614489666815594 1.3122589948531993 34.433499144885694 
46.966138961384594 47.069318973946125 96.8615892779355 
2.0226433640166075 80.29298271793307 37.55029202598325 
3.670195120132591 77.35584564436748 85.63682362257038 
4.025043892658065 2.532586611930665 44.86624088807646 
9.226797244322427 13.715290320151375 92.00267487417652 
93.05626520707536 6.389775397532061 67.83475816200296 
9.53343228447785 3.6354215110464105 91.36154091664977 
11.62452125343767 55.30012567345427 14.853888386071345 
88.28381747041064 88.54806725515442 90.6965033565545 
75.95419619086404 97.94985094102333 71.06956357061975 
28.334028192204553 42.3555899229914 1.4400327895681464 
33.15387516382502 94.43743132978994 13.624163807210854 
93.57413700223564 83.71008989930745 85.61293333286912 
61.20827528004723 9.366047302065716 85.12928475780684 
96.87002411631491 95.49448412249801 31.74517176494982 
22.968369069078264 93.35677401633907 71.33384559447423 
79.99686003887734 3.90114674595321 2.161821473813086 
96.49995731254143 1.1725389232704941 1.9527639743550762 
70.70782546191184 92.7359094791482 3.111336251531227 
38.03302712435015 80.73108033428558 0.08429499151519915 
73.75875177162018 61.658652922336366 99.8682631513447 
97.81385235695434 81.71962171579985 8.940514754462036 
22.62050302722216 16.205691660361012 6.915741420114241 
67.28385355476019 99.80897640071835 7.7978305410384525 
3.048324713589856 96.48638838806596 32.19456015151435 
