68.60310636761963 50.97738458106716
69.2907012210949 16.289598677783534
70.04674176414555 43.49743092974971
90.76605616401068 1.9717777527541336
54.43261861835037 53.92453668363043
44.733055672642195 0.23093265105661454
37.436380742290055 63.83192493053285
30.66559703970835 78.67480423038063
48.919043669324715 38.93273061301329
41.33142648587239 46.01269202802483
18.32743141618216 33.68430238216995
55.09865550153962 16.997917523174632
27.35732837619541 44.334778403075305
96.67835362642738 90.49333891792656
61.62025372687876 77.11794099856859
98.19417628930822 6.914375984905197
93.22058344783787 69.0507722526424
42.40903333752114 32.63495649170075
90.60572127105313 1.9501269210565941
29.606828480499694 62.56687588733665
88.5599533238252 71.98448162654765
93.83314616077251 33.24456217301965
79.13947313681155 60.665134350643854
83.0285942850853 18.41312820674258
27.01265049038217 3.683308269337826
